ExtB0030 335 750 29 440 32 380
ExtB0010 499 913 76 479 131 457
ExtB0063 5 398 0 380 41 374
ExtB0008 371 796 22 399 69 386
ExtB0023 369 750 45 434 83 405
ExtB0014 365 770 41 453 56 398
ExtB0003 293 709 15 416 65 395
ExtB0043 274 660 19 398 67 391
ExtB0048 360 770 53 465 59 408
ExtB0052 361 790 67 461 113 450
ExtB0066 687 1117 132 506 97 443
ExtB0050 390 799 77 461 112 428
ExtB0022 128 538 79 461 122 444
ExtB0032 327 746 54 467 86 437
ExtB0047 377 770 67 465 60 401
ExtB0038 103 492 43 415 81 388
ExtB0015 373 805 0 367 30 354
ExtB0049 401 789 57 435 81 424
ExtB0011 427 851 13 387 41 368
ExtB0059 12 410 0 380 47 365
ExtB0021 317 728 25 407 69 385
ExtB0016 284 718 0 405 49 380
ExtB0046 371 770 46 449 79 389
ExtB0039 341 770 82 469 76 402
ExtB0031 261 696 81 475 102 430
ExtB0004 288 695 39 428 87 417
ExtB0055 323 744 49 453 84 409
ExtB0040 365 799 93 484 93 446
ExtB0062 111 524 44 425 82 405
ExtB0053 406 824 52 455 97 412
ExtB0060 386 843 75 496 146 474
ExtB0017 387 836 17 404 47 392
ExtB0065 401 815 23 453 42 380
ExtB0026 318 715 75 459 112 433
ExtB0058 93 511 41 420 71 389
ExtB0018 271 672 31 442 85 414
ExtB0057 339 748 40 442 70 398
ExtB0045 350 766 47 453 87 419
ExtB0002 292 679 25 422 69 389
ExtB0005 363 770 40 434 30 362
ExtB0034 384 810 53 468 58 400
ExtB0028 380 809 40 438 65 407
ExtB0056 296 708 14 407 47 386
ExtB0009 326 816 32 441 44 382
ExtB0001 364 785 8 397 37 374
ExtB0007 381 787 56 451 45 383
ExtB0064 272 670 40 414 60 377
ExtB0044 787 1209 75 463 39 390
ExtB0013 65 465 6 378 36 354
ExtB0061 0 368 24 416 28 362
ExtB0006 377 818 28 424 71 403
ExtB0020 412 785 71 459 115 437
ExtB0067 616 1044 124 513 102 439
ExtB0037 439 878 0 401 18 376
ExtB0024 371 810 51 454 37 379
ExtB0035 368 792 62 470 85 429
ExtB0051 323 736 55 428 61 390
ExtB0054 285 819 33 451 51 412
ExtB0041 0 387 2 401 42 370
ExtB0027 297 711 54 461 102 431
ExtB0025 342 756 2 365 57 365
ExtB0036 342 731 34 398 62 375
ExtB0042 0 377 13 411 56 372
ExtB0012 460 907 0 408 43 393
ExtB0029 357 770 76 479 85 412
ExtB0019 728 1140 155 561 144 470
ExtB0033 182 615 0 382 8 351
