XJTs0059 399 874 51 456 70 425
XJTs0020 0 472 39 462 55 436
XJTr0109 0 436 66 465 80 422
XJTr0064 0 407 57 472 60 423
XJTr0364 355 850 94 474 79 423
XJTr0310 349 808 0 512 43 478
XJTr0408 419 856 54 502 59 430
XJTr0303 337 803 25 512 48 456
XJTr0125 162 458 53 466 59 415
XJTs0027 198 501 36 474 77 436
XJTs0049 323 849 58 512 29 439
XJTr0299 345 798 54 468 60 428
XJTr0131 181 463 38 473 66 417
XJTr0036 0 381 14 509 37 446
XJTr0216 227 529 74 487 101 448
XJTr0194 195 497 41 446 70 423
XJTr0093 0 426 81 492 72 433
XJTr0490 490 927 0 488 51 479
XJTr0355 385 843 0 490 37 457
XJTr0399 402 856 62 498 84 470
XJTr0313 356 811 36 485 53 435
XJTr0267 291 744 66 474 58 433
XJTr0323 366 816 20 488 45 462
XJTr0012 0 265 36 447 68 439
XJTs0019 174 466 49 487 91 449
XJTs0029 63 513 73 479 65 431
XJTr0240 300 686 0 512 23 467
XJTr0357 436 846 23 465 82 430
XJTr0026 66 298 43 468 77 411
XJTr0381 412 856 37 474 41 406
XJTr0400 395 856 26 465 94 468
XJTr0492 449 931 18 481 42 470
XJTr0188 206 495 46 468 84 438
XJTr0247 327 699 40 481 15 359
XJTr0458 438 891 33 477 67 430
XJTr0410 415 856 61 428 89 426
XJTr0099 0 434 35 472 64 437
XJTr0377 409 856 22 472 48 420
XJTs0053 404 856 37 473 100 441
XJTr0351 403 837 41 470 22 381
XJTr0033 0 375 33 474 70 438
XJTr0319 398 815 0 440 59 408
XJTr0476 440 910 25 419 85 400
XJTr0405 417 856 36 474 57 399
XJTr0300 342 801 48 474 55 394
XJTr0144 184 475 43 471 72 424
XJTr0382 364 856 44 454 53 422
XJTr0129 185 460 38 462 87 448
XJTr0042 0 391 0 512 29 459
XJTr0427 394 856 32 476 29 388
XJTr0153 30 480 52 484 67 415
XJTr0231 355 643 110 442 137 415
XJTr0477 433 910 25 470 45 434
XJTs0008 0 401 25 488 37 426
XJTr0475 416 908 33 488 48 424
XJTs0045 383 823 35 440 36 375
XJTr0071 0 412 68 476 70 413
XJTs0033 283 669 64 446 74 443
XJTr0203 220 512 74 509 78 452
XJTr0265 320 741 87 455 70 457
XJTr0113 0 448 37 492 37 405
XJTr0409 407 856 43 472 93 450
XJTr0340 391 829 0 512 19 452
XJTr0368 414 853 54 487 51 416
XJTr0197 209 503 29 464 79 432
XJTr0306 381 803 48 464 133 473
XJTr0488 468 920 10 512 21 473
XJTr0168 207 495 45 488 52 422
XJTr0112 0 447 47 489 72 454
XJTr0471 428 907 29 460 94 436
XJTr0072 0 412 36 492 60 427
XJTr0018 0 265 51 478 99 438
XJTs0039 391 778 37 482 82 437
XJTr0297 356 797 0 455 51 438
XJTr0302 334 801 26 462 54 406
XJTs0004 0 368 23 510 35 438
XJTr0441 421 866 40 468 67 416
XJTr0489 452 921 15 427 73 419
XJTr0025 0 293 43 438 78 414
XJTr0266 331 742 0 430 68 420
XJTr0245 316 699 22 422 87 424
XJTs0044 411 816 47 460 56 416
XJTr0363 389 848 0 504 55 472
XJTs0038 364 766 5 461 43 407
XJTr0350 393 835 0 512 24 459
XJTr0019 0 265 43 461 85 434
XJTr0214 210 526 51 443 106 434
XJTr0246 294 699 54 486 36 392
XJTr0132 174 465 49 494 95 460
XJTr0051 0 398 41 477 71 434
XJTr0341 391 829 42 460 79 423
XJTr0484 462 916 54 472 108 448
XJTr0251 350 699 12 418 68 434
XJTr0181 205 495 16 448 75 435
XJTs0035 324 699 24 449 98 445
XJTr0326 379 821 27 484 67 440
XJTr0158 185 483 65 434 100 400
XJTr0021 0 265 38 449 83 429
XJTs0057 369 856 28 455 49 420
XJTr0182 199 495 39 457 110 455
XJTr0087 0 421 21 481 71 463
XJTr0456 416 887 15 363 107 410
XJTr0262 505 735 32 451 58 440
XJTs0028 211 510 50 491 95 464
XJTr0086 0 419 33 511 35 422
XJTr0171 198 495 33 460 82 437
XJTr0356 409 845 50 475 48 404
XJTr0192 199 496 46 466 39 407
XJTs0016 0 445 69 476 52 439
XJTr0271 335 755 53 482 86 434
XJTr0250 294 699 25 461 67 429
XJTr0195 207 498 18 496 68 450
XJTr0443 434 868 38 465 86 433
XJTr0448 406 881 37 426 55 369
XJTr0301 367 801 41 466 70 412
XJTr0421 419 856 26 458 125 470
XJTr0454 454 886 7 510 37 471
XJTr0118 0 451 76 484 66 422
XJTr0270 378 752 0 512 25 481
XJTr0248 300 699 39 448 68 417
XJTs0060 366 883 42 476 68 451
XJTr0110 168 445 67 468 102 442
XJTr0345 371 831 41 485 64 413
XJTr0397 417 856 51 458 102 450
XJTr0317 384 814 11 468 49 420
XJTr0215 228 528 34 473 49 417
XJTr0263 350 738 41 432 116 436
XJTr0150 0 479 95 489 47 410
XJTr0482 441 911 31 471 70 439
XJTr0393 392 856 25 479 87 450
XJTr0217 224 530 49 480 84 433
XJTr0416 370 845 43 454 111 470
XJTr0264 252 740 121 478 93 416
XJTs0055 404 856 29 460 66 427
XJTr0173 189 495 33 482 71 436
XJTr0395 402 856 39 476 64 416
XJTr0420 417 856 38 456 55 421
XJTr0111 0 446 75 490 71 442
XJTs0023 195 495 47 491 83 441
XJTr0209 212 518 20 456 26 390
XJTs0048 401 843 36 482 20 384
XJTr0254 337 709 43 463 68 421
XJTr0468 463 903 27 492 55 452
XJTr0078 0 416 50 476 51 420
XJTr0143 180 475 20 489 26 434
XJTr0424 379 856 43 478 49 413
XJTr0435 410 858 36 456 70 424
XJTr0047 0 395 43 490 50 428
XJTr0003 0 265 44 463 65 433
XJTr0474 396 908 92 469 87 431
XJTr0279 346 772 47 472 77 443
XJTr0229 69 585 92 496 92 449
XJTr0315 357 811 56 488 94 455
XJTr0244 320 699 64 476 86 449
XJTr0444 407 876 33 470 40 410
XJTr0237 383 677 122 409 125 391
XJTs0036 361 725 9 437 55 400
XJTs0040 389 793 23 440 93 430
XJTr0414 410 856 33 455 109 459
XJTr0146 0 435 91 501 58 405
XJTr0098 0 430 88 495 70 426
XJTs0047 405 833 52 452 46 386
XJTs0015 0 435 72 487 69 424
XJTr0127 163 459 37 468 54 410
XJTr0472 501 908 23 424 100 402
XJTr0255 332 712 59 469 97 418
XJTs0009 0 406 41 501 40 422
XJTr0304 367 803 23 469 56 430
XJTr0470 464 906 45 446 39 382
XJTr0006 0 265 27 452 83 432
XJTr0372 387 856 52 476 86 459
XJTr0135 168 468 40 477 79 437
XJTr0318 389 814 0 512 8 467
XJTr0201 209 509 25 474 101 460
XJTr0180 193 495 35 444 66 432
XJTr0166 193 495 41 456 67 424
XJTr0009 0 265 50 450 95 439
XJTr0038 0 386 7 476 39 443
XJTr0403 392 856 44 490 95 461
XJTr0159 188 483 62 454 124 443
XJTr0278 332 771 52 473 92 453
XJTr0287 371 786 8 423 95 438
XJTr0455 439 887 46 486 83 434
XJTr0461 423 896 40 492 41 426
XJTr0035 0 381 28 464 52 442
XJTr0438 409 866 3 494 33 452
XJTr0228 287 580 77 512 277 504
XJTr0272 328 756 44 475 50 423
XJTr0349 398 834 18 489 62 445
XJTr0069 114 410 27 468 47 436
XJTr0445 418 877 22 512 36 455
XJTr0155 184 482 21 464 75 439
XJTr0498 523 1002 15 417 94 406
XJTr0307 337 805 58 488 75 426
XJTr0277 367 771 32 465 78 434
XJTr0256 348 714 23 414 98 427
XJTr0060 0 405 63 496 54 427
XJTr0294 348 795 50 464 53 402
XJTs0018 169 456 55 498 91 462
XJTr0401 375 856 20 403 92 424
XJTr0398 392 856 42 480 57 427
XJTr0258 413 715 103 486 95 425
XJTr0088 0 422 55 503 70 432
XJTr0000 0 176 46 469 73 428
XJTr0117 162 450 40 449 60 432
XJTr0394 414 856 40 445 51 428
XJTr0325 321 817 21 490 32 438
XJTr0437 372 866 7 489 101 500
XJTr0361 351 847 96 474 77 424
XJTr0439 401 866 35 486 41 406
XJTs0003 0 366 42 501 56 433
XJTr0138 161 470 20 454 77 440
XJTs0034 293 699 24 453 85 446
XJTr0223 244 554 12 440 105 481
XJTr0415 405 856 23 454 36 386
XJTs0052 394 856 45 473 70 431
XJTr0031 0 363 17 484 60 451
XJTr0084 130 418 26 487 94 465
XJTr0494 433 942 39 474 133 482
XJTr0050 0 397 54 505 0 366
XJTr0219 228 536 26 458 70 451
XJTs0014 0 424 109 478 97 440
XJTr0373 405 856 33 489 58 429
XJTr0383 409 856 46 472 49 397
XJTr0120 0 453 44 494 47 444
XJTr0337 361 827 45 466 66 406
XJTs0061 409 893 46 466 72 412
XJTr0054 0 403 91 486 82 429
XJTr0010 0 265 8 424 59 440
XJTr0130 0 462 92 494 68 439
XJTr0074 0 413 38 496 58 448
XJTr0464 466 900 36 452 79 410
XJTr0473 437 908 22 421 78 409
XJTr0392 405 856 48 474 103 452
XJTr0260 291 727 69 467 95 446
XJTr0239 365 682 125 464 70 388
XJTr0189 177 495 45 472 47 403
XJTr0142 0 474 54 494 66 439
XJTr0433 405 856 30 473 40 410
XJTr0417 414 856 58 468 65 416
XJTr0418 425 856 49 454 79 407
XJTr0321 398 816 45 453 67 430
XJTr0204 195 513 15 465 71 434
XJTr0091 0 423 42 492 55 423
XJTr0140 168 472 54 484 76 443
XJTr0327 377 821 50 492 46 414
XJTr0225 226 557 49 472 96 445
XJTr0208 199 517 21 448 91 444
XJTr0089 0 423 0 512 30 478
XJTr0412 350 856 39 462 97 456
XJTs0065 477 929 23 448 82 436
XJTr0333 401 824 3 455 71 460
XJTr0331 377 823 16 493 47 440
XJTr0432 424 856 38 461 46 413
XJTr0032 0 374 28 489 55 442
XJTr0165 189 495 46 474 0 398
XJTs0000 0 265 51 451 69 427
XJTr0450 350 883 87 498 70 426
XJTr0162 205 492 52 480 89 448
XJTr0156 186 483 61 481 78 439
XJTr0213 215 525 21 454 27 399
XJTr0466 459 900 9 412 58 439
XJTr0094 0 427 81 494 92 440
XJTs0037 305 750 55 486 103 454
XJTr0436 403 863 84 512 49 417
XJTr0028 0 353 62 410 100 405
XJTr0149 191 478 43 469 68 421
XJTr0148 0 477 105 490 84 423
XJTr0344 388 831 50 476 94 442
XJTr0495 483 945 6 512 21 476
XJTr0324 373 816 39 484 93 449
XJTr0396 384 856 29 458 84 440
XJTs0054 405 856 59 468 65 409
XJTr0346 380 832 48 490 98 460
XJTr0115 156 449 39 482 78 437
XJTr0291 362 791 18 512 31 496
XJTr0053 125 401 1 489 63 459
XJTr0121 156 453 9 512 38 469
XJTr0202 0 512 98 490 51 430
XJTr0056 0 404 69 512 41 426
XJTr0334 303 824 55 474 25 390
XJTr0431 335 856 65 495 122 480
XJTr0422 390 856 45 468 47 400
XJTs0025 204 495 40 474 81 436
XJTr0052 0 400 47 485 66 419
XJTr0134 0 468 47 479 123 512
XJTr0046 0 394 6 512 46 444
XJTr0145 0 476 60 488 59 430
XJTr0486 447 919 43 452 94 414
XJTr0370 444 856 63 444 85 393
XJTr0160 189 485 34 485 48 416
XJTs0056 415 856 16 443 66 428
XJTr0077 0 415 43 495 50 438
XJTr0446 414 879 43 436 70 404
XJTr0105 0 439 54 494 48 405
XJTr0253 417 709 83 456 96 423
XJTr0211 220 519 27 459 75 438
XJTs0002 0 265 31 448 41 409
XJTr0044 0 392 28 492 64 445
XJTr0286 393 786 22 421 65 426
XJTr0133 0 467 45 501 37 432
XJTr0039 138 387 17 502 17 452
XJTr0116 163 449 52 457 47 409
XJTr0079 0 417 21 491 54 446
XJTr0390 414 856 57 486 102 463
XJTs0031 227 540 14 455 55 416
XJTr0440 411 866 23 467 100 454
XJTs0032 207 579 38 448 108 442
XJTr0081 0 417 60 497 70 425
XJTr0124 175 456 64 500 63 406
XJTr0100 0 434 28 504 31 444
XJTr0137 0 470 48 475 66 426
XJTr0013 0 265 53 462 65 416
XJTr0183 203 495 30 460 21 377
XJTr0328 385 821 58 470 37 388
XJTr0114 102 448 86 498 69 418
XJTr0387 432 856 38 458 51 413
XJTr0343 373 831 48 512 90 468
XJTr0057 0 405 43 481 64 425
XJTr0388 313 856 65 476 120 477
XJTr0259 324 722 17 441 70 418
XJTs0063 474 908 61 446 89 406
XJTr0426 387 856 39 461 64 419
XJTr0097 0 429 65 457 92 419
XJTr0298 358 798 41 446 116 482
XJTr0467 403 901 28 439 67 396
XJTr0358 375 846 2 512 34 476
XJTr0261 414 734 67 471 84 405
XJTr0257 344 714 28 456 70 414
XJTr0379 417 856 63 468 138 451
XJTr0376 427 856 61 494 82 445
XJTr0242 286 699 71 483 77 426
XJTr0342 381 831 17 482 39 416
XJTr0062 0 406 12 506 60 449
XJTr0462 404 896 45 479 52 411
XJTr0285 396 782 0 419 57 424
XJTr0296 346 797 5 491 48 468
XJTr0184 210 495 21 494 31 434
XJTr0205 217 513 49 476 98 447
XJTr0407 399 856 40 491 82 449
XJTr0190 184 495 55 501 95 453
XJTr0232 281 651 4 411 90 440
XJTr0238 297 680 25 440 84 433
XJTr0218 244 530 49 512 45 444
XJTr0221 253 544 51 472 60 411
XJTs0005 0 387 37 500 42 447
XJTr0083 0 418 66 496 67 432
XJTr0212 209 521 28 468 24 398
XJTr0147 181 476 25 461 59 407
XJTs0001 0 265 60 479 77 430
XJTr0177 194 495 16 459 76 438
XJTr0295 366 796 87 481 85 420
XJTr0449 394 881 54 468 21 406
XJTs0006 0 393 31 494 38 441
XJTr0107 0 442 49 492 53 433
XJTs0062 448 902 0 425 90 441
XJTr0252 317 699 30 452 29 375
XJTr0128 169 459 29 512 44 460
XJTr0469 455 905 2 462 65 446
XJTr0478 445 910 56 477 66 432
XJTr0011 0 265 35 464 73 431
XJTr0273 374 758 25 408 84 399
XJTr0236 293 673 47 481 84 428
XJTr0152 188 480 16 475 87 462
XJTr0017 0 265 19 459 79 436
XJTr0167 201 495 70 508 12 396
XJTr0174 201 495 33 483 81 469
XJTr0241 398 697 23 381 124 410
XJTr0041 0 391 45 509 57 440
XJTr0063 0 406 93 480 77 429
XJTr0499 567 1031 12 465 41 403
XJTs0026 187 495 52 484 73 427
XJTr0389 395 856 19 437 116 457
XJTr0123 174 455 56 491 93 450
XJTr0371 404 856 6 456 16 370
XJTr0308 380 806 49 482 0 349
XJTr0406 387 856 26 345 100 373
XJTr0367 391 851 26 413 113 429
XJTr0425 372 856 42 471 65 423
XJTr0023 0 265 60 477 72 436
XJTr0283 316 778 77 492 55 416
XJTr0096 0 428 37 500 25 448
XJTr0369 394 854 21 444 84 436
XJTr0479 441 911 61 497 111 462
XJTr0001 0 222 23 493 60 460
XJTs0043 387 813 40 460 53 402
XJTr0020 0 265 42 478 72 419
XJTr0362 402 848 21 444 49 406
XJTr0185 196 495 47 466 73 424
XJTr0452 421 883 42 457 71 428
XJTr0065 0 407 49 498 57 430
XJTr0034 0 381 41 478 56 434
XJTr0186 207 495 16 439 53 404
XJTr0102 0 436 90 487 70 422
XJTr0170 190 495 49 476 67 434
XJTr0061 0 406 70 454 85 414
XJTr0290 323 791 17 512 21 448
XJTr0338 375 828 28 486 66 443
XJTr0457 432 890 0 502 45 462
XJTr0419 375 856 33 458 57 406
XJTr0483 460 914 44 484 64 441
XJTr0030 0 360 35 464 65 437
XJTr0224 237 557 13 459 71 423
XJTr0230 207 601 15 459 80 443
XJTs0010 0 411 47 476 29 407
XJTr0015 0 265 100 510 53 425
XJTr0076 0 415 40 492 67 447
XJTr0320 396 815 26 458 27 396
XJTr0493 458 931 25 471 66 439
XJTr0413 429 856 41 436 33 367
XJTr0092 139 424 0 460 41 427
XJTr0075 0 413 0 463 27 404
XJTr0037 0 383 36 494 49 436
XJTr0269 338 752 0 504 47 448
XJTr0249 308 699 17 450 64 435
XJTr0067 0 408 12 463 64 444
XJTr0305 373 803 56 466 91 442
XJTr0465 419 900 31 499 55 426
XJTr0423 395 856 35 474 100 460
XJTr0178 201 495 23 490 62 450
XJTs0017 0 450 29 482 69 440
XJTr0348 404 834 55 474 47 408
XJTr0008 0 265 39 450 53 404
XJTr0384 429 856 37 459 111 462
XJTr0243 291 699 24 442 69 449
XJTr0163 217 492 3 482 62 468
XJTr0043 0 391 65 492 77 421
XJTr0198 215 506 38 468 88 427
XJTr0292 349 793 55 487 37 386
XJTr0090 0 423 29 499 68 458
XJTr0095 0 427 48 478 97 476
XJTr0386 427 856 53 476 70 432
XJTr0339 379 828 0 512 22 472
XJTr0136 168 468 36 473 73 442
XJTr0126 170 459 48 480 68 423
XJTr0004 0 265 25 420 71 434
XJTr0164 216 495 26 460 77 440
XJTr0375 384 856 15 452 95 467
XJTr0104 0 439 59 476 65 437
XJTr0284 486 782 139 461 134 393
XJTr0029 0 355 16 498 44 451
XJTr0430 414 856 47 472 73 448
XJTr0280 345 772 17 430 87 427
XJTr0336 333 826 96 438 128 400
XJTr0080 0 417 59 512 45 433
XJTr0141 172 473 22 438 67 430
XJTr0332 351 823 63 494 81 446
XJTr0460 449 895 32 484 56 430
XJTr0428 400 856 49 490 65 421
XJTr0463 418 899 22 457 73 426
XJTr0176 200 495 40 492 86 452
XJTr0157 194 483 36 492 43 434
XJTr0447 436 880 19 449 73 429
XJTs0024 205 495 50 489 101 462
XJTr0206 218 515 44 450 97 426
XJTr0276 317 768 69 492 67 416
XJTr0207 222 515 42 502 49 413
XJTs0012 0 419 24 467 68 437
XJTr0309 352 808 23 468 66 426
XJTr0385 409 856 51 473 47 413
XJTr0085 0 419 42 492 56 428
XJTr0330 357 823 36 444 33 374
XJTs0013 0 422 44 487 83 432
XJTr0014 0 265 56 480 66 439
XJTr0316 365 813 42 456 61 437
XJTr0329 310 822 69 483 45 421
XJTr0106 0 441 83 495 61 419
XJTr0380 389 856 43 467 96 449
XJTr0322 352 816 59 512 7 465
XJTr0335 388 826 47 444 113 418
XJTr0227 267 557 53 458 86 429
XJTs0021 177 477 5 475 65 461
XJTr0151 172 479 33 480 41 412
XJTr0311 376 808 39 461 36 407
XJTr0172 195 495 30 468 19 413
XJTr0391 422 856 69 488 50 404
XJTr0016 0 265 7 438 72 424
XJTr0196 208 498 54 486 111 457
XJTr0210 225 518 25 470 91 451
XJTr0496 453 948 32 468 93 455
XJTr0066 0 407 34 484 63 422
XJTr0193 188 496 74 502 79 442
XJTr0022 0 265 26 467 76 448
XJTr0058 0 405 39 483 58 448
XJTr0434 372 856 57 478 103 470
XJTr0103 0 439 107 488 69 416
XJTr0235 362 668 176 512 117 406
XJTr0487 451 920 42 512 68 450
XJTr0007 0 265 51 461 82 416
XJTr0347 397 833 25 482 48 406
XJTr0226 238 557 46 455 61 418
XJTr0161 198 490 13 506 46 442
XJTr0187 194 495 25 459 37 414
XJTr0312 362 809 24 467 97 447
XJTr0119 0 452 89 503 32 402
XJTr0293 360 793 86 487 91 461
XJTr0233 287 663 54 436 98 412
XJTr0055 0 404 33 500 43 442
XJTr0411 400 856 47 470 49 434
XJTr0275 324 765 16 511 19 473
XJTr0451 423 883 6 512 46 473
XJTr0139 170 472 44 473 99 439
XJTr0045 0 393 60 496 63 440
XJTs0007 0 393 30 479 58 444
XJTr0353 402 841 43 496 81 440
XJTr0234 276 666 25 468 108 453
XJTr0005 0 265 16 425 75 427
XJTr0027 0 301 90 490 60 407
XJTs0051 412 856 27 426 77 433
XJTr0374 310 856 80 512 51 420
XJTr0442 393 867 34 442 100 440
XJTs0042 332 806 77 512 69 425
XJTr0352 381 839 27 484 22 431
XJTs0030 221 520 47 489 111 480
XJTs0064 432 915 16 477 63 408
XJTr0070 0 411 15 496 39 432
XJTr0222 234 550 40 454 52 447
XJTr0073 0 412 52 492 73 435
XJTs0046 396 828 58 468 71 428
XJTr0314 376 811 48 454 95 442
XJTr0360 402 847 20 487 50 476
XJTr0101 0 436 110 492 65 433
XJTr0289 332 791 65 456 67 423
XJTr0002 0 237 73 436 101 418
XJTr0059 0 405 24 494 65 456
XJTr0429 420 856 62 473 76 432
XJTr0199 207 509 37 448 78 413
XJTr0282 354 777 20 512 7 501
XJTr0378 397 856 36 469 69 426
XJTr0082 0 418 33 493 23 443
XJTr0366 393 851 24 438 69 424
XJTr0040 0 389 33 486 56 433
XJTr0453 434 885 0 512 27 483
XJTr0491 477 929 23 448 82 436
XJTr0175 193 495 29 485 93 476
XJTr0359 379 847 0 512 44 458
XJTs0041 345 798 66 488 60 431
XJTr0048 0 395 55 500 45 420
XJTr0049 0 396 55 492 52 421
XJTr0108 0 444 54 464 62 419
XJTr0481 402 911 43 480 19 402
XJTr0274 342 761 41 470 84 447
XJTr0268 285 751 40 483 80 434
XJTr0459 437 892 61 459 89 437
XJTr0485 472 916 17 451 25 413
XJTr0497 496 973 5 490 45 453
XJTr0179 189 495 39 471 85 434
XJTr0220 245 542 23 467 60 437
XJTs0058 416 863 42 470 81 460
XJTr0354 397 841 48 468 118 458
XJTr0281 466 773 117 452 118 399
XJTr0200 193 509 45 490 90 441
XJTs0011 0 416 69 492 57 430
XJTr0122 173 454 55 491 69 422
XJTr0480 441 911 46 478 51 426
XJTr0191 213 495 16 439 91 449
XJTr0288 337 791 8 498 0 406
XJTr0068 0 410 29 482 49 436
XJTr0365 396 851 19 512 38 474
XJTr0169 198 495 37 485 124 494
XJTr0024 0 265 49 466 53 439
XJTr0404 377 856 37 486 63 434
XJTs0022 190 483 49 469 98 446
XJTr0402 367 856 69 498 65 427
XJTs0050 409 856 63 487 81 433
XJTr0154 202 482 43 457 50 410
