ExtA0005 369 608 28 447 72 435
ExtA0040 121 524 25 440 87 436
ExtA0023 346 751 50 484 115 472
ExtA0027 175 589 43 474 87 437
ExtA0060 34 490 125 484 93 441
ExtA0020 412 871 59 511 114 479
ExtA0048 328 739 60 485 88 440
ExtA0026 273 665 34 452 82 463
ExtA0033 536 947 164 582 197 539
ExtA0022 220 665 26 474 86 455
ExtA0012 74 463 37 449 80 439
ExtA0066 213 665 116 532 99 456
ExtA0037 259 665 92 480 84 426
ExtA0071 395 800 59 482 75 422
ExtA0051 396 809 64 504 73 432
ExtA0004 255 665 15 390 106 444
ExtA0017 273 665 115 523 136 470
ExtA0013 692 1131 139 502 74 431
ExtA0052 334 740 42 483 73 420
ExtA0067 246 665 64 482 78 443
ExtA0054 652 1069 77 498 99 457
ExtA0042 285 665 27 458 124 503
ExtA0065 252 665 163 584 194 549
ExtA0036 224 665 42 470 101 455
ExtA0035 134 596 182 620 168 561
ExtA0045 230 665 17 392 84 426
ExtA0050 126 561 38 468 95 457
ExtA0007 346 761 40 463 79 430
ExtA0031 242 665 24 452 166 515
ExtA0006 246 665 100 500 183 531
ExtA0064 213 665 30 476 98 455
ExtA0041 233 665 58 473 247 599
ExtA0057 399 792 79 477 105 455
ExtA0061 132 553 38 474 88 447
ExtA0019 242 665 88 543 155 514
ExtA0056 437 866 47 484 82 431
ExtA0028 365 770 93 504 72 425
ExtA0003 294 720 58 473 63 442
ExtA0047 201 665 42 472 77 433
ExtA0024 279 665 27 446 85 432
ExtA0002 218 665 88 512 107 460
ExtA0032 227 665 35 445 69 440
ExtA0030 32 453 4 436 68 423
ExtA0059 0 411 101 500 80 436
ExtA0038 320 739 36 478 26 399
ExtA0039 234 665 22 446 73 451
ExtA0014 113 503 44 460 71 424
ExtA0016 225 665 57 477 80 415
ExtA0069 430 831 28 479 59 421
ExtA0029 287 716 18 445 117 465
ExtA0018 436 876 72 520 101 466
ExtA0055 404 826 32 470 65 416
ExtA0044 212 665 200 592 158 506
ExtA0009 298 665 140 575 194 549
ExtA0068 319 698 38 462 87 427
ExtA0025 267 687 217 646 194 552
ExtA0063 230 665 41 476 92 454
ExtA0043 420 852 63 472 101 478
ExtA0070 451 871 55 503 127 493
ExtA0049 341 754 51 476 111 480
ExtA0008 875 1314 118 485 31 405
ExtA0011 272 665 241 641 244 583
ExtA0046 173 572 64 476 211 557
ExtA0010 97 491 0 412 63 406
ExtA0062 269 665 73 496 132 487
ExtA0021 337 750 75 494 128 491
ExtA0058 149 565 69 500 61 429
ExtA0053 623 1031 204 604 158 505
ExtA0001 123 529 51 482 139 489
ExtA0015 264 665 0 391 71 412
ExtA0034 226 665 53 490 117 464
