Ts0072 194 495 25 459 37 414
Ts0080 214 495 52 490 46 427
Ts0059 351 847 96 474 77 424
Ts0019 225 520 45 492 98 465
Ts0094 0 353 50 498 29 416
Ts0026 199 495 32 448 61 420
Ts0021 215 517 56 463 75 412
Ts0130 195 498 88 471 90 418
Ts0124 0 360 16 512 15 450
Ts0057 0 387 38 500 42 447
Ts0025 195 495 73 454 103 430
Ts0039 214 510 39 440 85 423
Ts0137 352 783 27 512 93 498
Ts0073 402 856 39 476 64 416
Ts0109 0 243 43 512 7 435
Ts0041 388 685 58 512 20 434
Ts0040 353 674 0 420 68 412
Ts0117 0 385 16 512 23 443
Ts0042 201 495 32 456 70 430
Ts0081 405 856 33 489 59 429
Ts0128 0 366 41 496 53 455
Ts0046 353 798 30 457 118 462
Ts0101 0 358 52 496 82 443
Ts0103 0 416 35 497 21 394
Ts0088 441 911 46 478 51 426
Ts0144 0 353 22 511 53 464
Ts0131 0 365 25 468 88 462
Ts0033 414 856 0 478 72 468
Ts0056 0 417 21 491 54 446
Ts0048 431 883 31 490 48 428
Ts0126 0 348 9 512 65 467
Ts0148 293 699 24 453 85 446
Ts0096 0 353 32 512 114 512
Ts0013 0 428 55 469 0 363
Ts0071 428 907 29 460 94 436
Ts0054 389 848 0 504 55 472
Ts0066 419 856 54 503 59 430
Ts0060 387 856 46 459 67 416
Ts0024 216 520 63 448 23 376
Ts0115 0 415 32 487 71 445
Ts0020 215 519 46 468 98 467
Ts0090 210 529 40 459 53 400
Ts0038 247 533 73 431 93 403
Ts0067 380 832 48 490 98 460
Ts0031 826 1310 76 412 130 407
Ts0119 0 378 4 510 44 465
Ts0051 406 851 26 392 75 384
Ts0077 392 856 25 479 87 450
Ts0098 0 395 59 512 23 418
Ts0149 286 699 71 483 77 426
Ts0045 183 483 23 477 65 438
Ts0097 0 383 44 486 61 441
Ts0049 238 545 58 456 92 438
Ts0061 0 428 37 500 25 448
Ts0152 182 536 30 512 46 466
Ts0121 0 353 3 512 23 450
Ts0010 0 388 55 501 40 420
Ts0050 296 736 17 490 20 405
Ts0105 0 395 56 492 57 428
Ts0001 559 693 83 444 83 444
Ts0034 247 560 47 451 74 404
Ts0076 441 911 31 471 70 439
Ts0141 0 413 52 496 156 512
Ts0139 0 405 29 476 33 432
Ts0036 194 495 61 452 97 430
Ts0134 0 408 0 512 63 466
Ts0027 219 519 46 481 55 431
Ts0118 0 437 49 478 92 455
Ts0035 206 495 50 460 98 436
Ts0047 410 856 41 469 40 416
Ts0016 0 297 36 507 77 472
Ts0125 0 393 79 477 76 463
Ts0004 497 972 7 459 86 435
Ts0087 424 856 38 461 46 413
Ts0023 192 495 69 455 133 475
Ts0083 372 866 7 489 101 500
Ts0074 391 829 42 460 79 423
Ts0044 407 716 72 512 73 474
Ts0029 185 471 39 471 74 416
Ts0112 0 384 60 476 131 478
Ts0123 0 414 75 460 80 430
Ts0069 409 856 51 473 47 413
Ts0129 0 353 26 512 83 473
Ts0100 168 461 41 469 45 396
Ts0015 0 410 66 487 61 428
Ts0022 202 495 43 473 92 448
Ts0006 0 407 34 484 63 422
Ts0003 247 542 67 460 72 408
Ts0017 229 539 76 495 59 439
Ts0145 0 220 7 508 74 477
Ts0150 345 643 182 494 123 417
Ts0008 170 459 48 480 68 423
Ts0114 0 393 47 496 68 449
Ts0104 0 398 12 512 50 453
Ts0099 0 353 13 511 53 479
Ts0143 0 353 27 470 92 452
Ts0092 0 386 57 470 62 460
Ts0102 0 353 106 463 25 320
Ts0086 198 501 37 474 77 436
Ts0093 0 265 49 466 53 439
Ts0138 0 375 13 501 54 456
Ts0110 421 886 41 484 40 407
Ts0079 365 813 42 456 61 437
Ts0052 316 699 22 422 87 424
Ts0095 0 373 24 498 9 413
Ts0135 0 451 99 492 107 460
Ts0111 0 398 39 506 27 431
Ts0146 318 748 0 395 62 388
Ts0028 175 466 47 451 71 423
Ts0140 181 493 49 471 68 434
Ts0132 508 975 5 450 69 435
Ts0108 0 402 27 495 45 445
Ts0011 0 380 90 464 40 344
Ts0014 0 405 74 488 84 432
Ts0106 0 393 47 495 51 448
Ts0032 215 501 72 476 87 427
Ts0120 172 476 44 486 98 472
Ts0147 0 353 9 496 31 470
Ts0005 419 740 130 467 98 380
Ts0151 184 492 45 448 88 418
Ts0116 0 391 54 477 99 448
Ts0018 166 495 24 478 74 431
Ts0070 253 526 21 430 87 420
Ts0136 0 433 37 478 97 478
Ts0030 198 508 72 453 89 405
Ts0113 0 368 0 451 7 373
Ts0043 212 495 52 486 57 415
Ts0078 195 513 15 465 71 434
Ts0133 0 353 13 512 60 467
Ts0002 199 495 49 477 56 413
Ts0062 0 416 50 476 51 420
Ts0107 0 420 1 496 83 512
Ts0142 0 353 33 468 47 374
Ts0127 0 414 29 488 82 484
Ts0085 462 916 54 472 108 448
Ts0082 375 856 20 403 92 424
Ts0012 0 430 30 505 20 449
Ts0009 398 697 23 381 124 410
Ts0037 232 550 71 448 124 444
Ts0063 0 386 7 476 39 443
Ts0122 0 383 9 512 37 469
Ts0084 207 498 18 496 68 450
Ts0065 389 814 0 512 8 467
Ts0055 0 406 11 506 60 449
Ts0075 174 455 56 491 93 450
Ts0064 0 398 41 477 71 434
Ts0053 0 400 47 485 66 419
Ts0058 384 814 11 468 49 420
Ts0089 210 495 21 494 31 434
Ts0068 402 911 43 480 19 402
Ts0007 417 709 83 456 96 423
Ts0091 0 370 32 484 50 454
