Tr0543 0 390 39 487 0 383
Tr0497 0 405 21 492 72 455
Tr0581 0 432 18 509 28 485
Tr0305 208 498 54 486 111 457
Tr0135 393 786 22 421 65 426
Tr0718 0 412 47 512 47 418
Tr0047 0 373 4 511 26 448
Tr0525 0 353 11 512 61 481
Ts0053 0 400 47 485 66 419
Tr0239 458 931 25 471 66 439
Ts0051 406 851 26 392 75 384
Tr0364 217 492 3 482 62 468
Tr1043 0 423 45 500 48 451
Tr0318 384 856 29 458 84 440
Tr0786 0 399 39 484 53 434
Tr0558 400 830 36 490 44 436
Tr0842 0 383 48 512 67 446
Tr0652 0 390 39 499 36 416
Tr1000 505 735 32 451 58 440
Tr0405 348 795 50 464 53 402
Tr0637 0 353 16 497 46 440
Tr1088 0 433 24 502 36 458
Tr0341 173 454 55 491 69 422
Tr0223 252 740 121 478 93 416
Ts0126 0 348 9 512 65 467
Tr1072 0 353 62 410 100 405
Tr0805 0 480 53 495 34 415
Tr0058 0 353 26 469 15 414
Tr0335 188 483 62 454 124 443
Tr0291 437 892 61 459 89 437
Tr0366 188 495 46 474 0 398
Ts0049 238 545 58 456 92 438
Tr0830 0 418 66 496 67 432
Tr0531 0 373 48 498 129 501
Tr0890 331 742 0 430 68 420
Tr0510 423 883 6 512 46 473
Tr0787 0 438 52 477 82 455
Tr0394 453 948 32 468 93 455
Tr0619 0 380 13 486 66 463
Tr0728 0 353 13 492 0 428
Tr0874 0 369 41 501 14 421
Tr0989 396 782 0 419 57 424
Tr0112 0 372 29 512 0 433
Tr0743 0 408 37 496 52 426
Tr1147 201 515 48 494 87 444
Tr0373 201 495 23 490 62 450
Ts0075 174 455 56 491 93 450
Tr0550 0 396 55 492 52 421
Tr0455 244 542 23 467 60 437
Tr0887 0 373 21 512 79 484
Tr0146 0 381 14 509 37 446
Tr0114 0 288 29 468 83 446
Tr0475 0 403 107 482 73 414
Ts0142 0 353 33 468 47 374
Tr0138 398 834 18 489 62 445
Tr0935 0 388 42 480 85 439
Tr0585 0 410 73 482 57 436
Tr0800 393 835 0 512 24 459
Tr0347 203 495 30 460 21 377
Tr0240 0 452 89 503 32 402
Tr1100 477 929 23 448 82 436
Tr0918 0 353 13 472 50 456
Tr0567 0 415 41 496 62 469
Tr0748 0 425 72 497 47 440
Tr0957 0 373 25 497 9 418
Tr0933 0 378 31 497 41 410
Tr0571 0 397 33 432 92 436
Tr1126 0 336 13 512 60 480
Tr0731 343 815 11 476 93 478
Tr0325 156 453 9 512 38 469
Tr0897 0 368 60 453 58 394
Tr0984 374 758 25 408 84 399
Tr0590 297 680 25 440 84 433
Tr0037 366 796 87 481 85 420
Tr0713 0 353 34 512 42 461
Tr0127 436 880 19 449 73 429
Tr0259 361 827 45 466 66 406
Tr1086 0 400 10 477 52 441
Tr0324 380 806 49 482 0 349
Tr0009 0 419 42 492 56 428
Tr0437 172 479 33 480 41 412
Tr0716 0 353 53 460 10 336
Tr0063 0 353 27 512 0 421
Tr0215 389 856 43 467 96 449
Tr0803 0 405 58 512 73 469
Tr0793 0 410 53 488 68 450
Tr0549 0 345 43 508 22 437
Tr1114 375 895 86 492 83 430
Tr0623 443 905 22 470 87 456
Tr0342 345 772 17 430 87 427
Tr0458 209 509 25 474 101 461
Tr0409 379 828 0 512 22 472
Tr0815 0 466 70 419 66 398
Tr1024 0 265 31 448 41 409
Tr0167 377 823 16 493 47 440
Tr0821 493 938 10 468 49 429
Tr0289 418 899 22 457 73 426
Tr0184 402 856 62 498 84 470
Tr0179 0 472 39 462 55 436
Tr0202 416 908 33 488 48 424
Tr0775 0 353 49 508 54 440
Tr1165 176 501 27 483 72 440
Tr1037 0 265 39 450 53 404
Ts0012 0 430 30 505 20 449
Tr1099 0 353 3 512 29 454
Tr0699 0 365 9 496 0 375
Tr1022 0 265 53 462 65 416
Tr1079 207 601 15 459 80 443
Tr0608 0 405 63 487 119 487
Tr0504 0 434 50 502 49 439
Tr0445 384 856 15 452 95 467
Tr0647 0 389 53 462 68 434
Tr0969 0 346 13 512 112 512
Tr0568 0 375 39 512 39 461
Ts0055 0 406 11 506 60 449
Tr0606 0 353 27 497 39 407
Tr0161 402 847 20 487 50 476
Tr1082 138 387 17 502 17 452
Tr0955 291 699 24 442 69 449
Tr0193 216 495 26 460 77 440
Tr0896 0 353 12 508 44 466
Tr0665 0 373 28 494 32 428
Tr0565 0 383 37 498 58 451
Tr0642 0 393 36 512 41 462
Tr1033 428 871 9 512 0 446
Ts0083 372 866 7 489 101 500
Tr0125 391 829 0 512 19 452
Tr0779 0 393 19 496 53 462
Tr0425 207 509 37 448 78 413
Tr1042 0 413 11 500 45 460
Ts0050 296 736 17 490 20 405
Tr0690 371 786 8 423 95 438
Tr0490 287 663 54 436 98 412
Tr0229 409 856 46 472 49 397
Ts0067 380 832 48 490 98 460
Ts0058 384 814 11 468 49 420
Tr0930 0 418 33 493 23 443
Tr0041 215 506 38 468 88 427
Tr0368 387 856 26 345 100 373
Tr0070 384 638 22 509 43 470
Tr0091 0 323 25 482 61 437
Tr0011 0 412 36 492 60 427
Tr1101 0 353 0 512 32 454
Ts0132 508 975 5 450 69 435
Tr0401 387 856 52 476 86 459
Tr0873 0 398 17 495 66 469
Tr0949 389 793 23 440 93 430
Ts0070 253 526 21 430 87 420
Tr0908 0 373 69 489 63 437
Tr0926 0 373 30 507 43 426
Tr0641 0 339 11 512 39 482
Tr0053 0 338 24 498 98 485
Tr0100 0 282 16 512 39 451
Tr0934 0 409 95 468 102 418
Tr1123 0 358 27 512 11 434
Tr1064 0 393 36 512 29 447
Tr0210 399 874 51 456 70 425
Tr0907 0 391 30 485 114 500
Tr1011 0 375 21 512 66 469
Tr0577 0 413 61 484 78 431
Tr0704 0 409 37 482 85 460
Tr0986 0 373 42 498 82 454
Tr0958 294 699 54 486 36 392
Tr0552 0 375 66 512 5 440
Tr0578 0 353 7 496 25 404
Tr0465 350 883 87 498 70 426
Ts0127 0 414 29 488 82 484
Tr0242 349 793 55 487 37 386
Tr0064 393 843 9 473 52 432
Tr0295 228 536 26 458 70 451
Tr0688 0 413 34 492 102 493
Tr1013 0 415 5 485 85 485
Tr1002 0 385 0 480 88 463
Tr0673 0 428 82 470 65 395
Tr0068 0 404 15 493 95 485
Tr0959 0 375 41 496 60 453
Tr0208 189 485 34 485 48 416
Tr0404 186 483 61 481 78 439
Tr0249 335 755 53 482 86 434
Tr0761 0 373 36 496 65 456
Tr0911 0 353 0 512 42 477
Tr0943 0 430 6 490 68 468
Tr0695 0 390 28 511 0 388
Tr0925 0 443 90 497 54 429
Tr0389 125 401 1 489 63 459
Tr0098 0 305 23 494 95 493
Tr0346 335 856 65 495 122 480
Tr0362 370 845 43 454 111 470
Tr0462 390 856 45 468 47 400
Tr0034 401 843 36 482 20 384
Tr0459 193 509 45 490 90 441
Tr0092 0 363 8 512 63 474
Tr0932 0 393 63 495 33 439
Tr0431 388 826 47 444 113 418
Tr0396 414 853 54 487 51 416
Tr0970 0 512 98 490 51 430
Tr0220 0 391 65 492 77 421
Tr0921 348 714 23 414 98 427
Tr0123 0 355 16 498 44 451
Tr0827 0 353 48 498 31 418
Ts0133 0 353 13 512 60 467
Tr0516 0 368 24 497 54 461
Tr0936 0 284 48 494 67 449
Tr0069 0 376 30 499 31 468
Tr0635 0 400 69 478 101 477
Tr0294 198 490 13 506 46 442
Tr0864 0 343 27 496 53 428
Tr0168 0 424 108 478 97 440
Tr0469 0 399 61 465 124 459
Tr0232 218 515 44 450 97 426
Tr0840 0 405 43 481 64 425
Tr0038 367 803 23 469 56 430
Tr1081 327 699 40 481 15 359
Tr0639 484 783 32 492 57 476
Tr0148 0 423 29 499 68 458
Tr0257 285 751 40 484 80 434
Tr0646 0 406 55 491 70 448
Tr0985 324 722 17 441 70 418
Ts0148 293 699 24 453 85 446
Tr0209 222 515 42 502 49 413
Tr0186 409 845 50 475 48 404
Tr1155 225 533 20 474 68 439
Tr0954 0 338 32 512 77 461
Tr0424 305 750 55 486 103 454
Ts0130 195 498 88 471 90 418
Tr1108 0 351 24 512 46 433
Tr0784 0 353 3 512 47 463
Tr0359 448 902 0 425 90 441
Tr0337 375 856 33 458 57 406
Tr0841 0 388 35 504 52 440
Tr0143 0 434 28 504 31 444
Tr1149 206 517 31 456 70 428
Tr0095 0 403 57 498 96 480
Tr0524 0 401 76 484 97 475
Tr0881 0 353 0 468 11 382
Tr0865 0 370 7 498 34 455
Tr0509 0 361 17 512 0 420
Ts0037 232 550 71 448 124 444
Tr0777 0 342 0 512 58 486
Tr0983 0 353 45 485 43 407
Tr1051 0 379 36 498 64 447
Tr0863 0 388 26 508 35 440
Tr0196 405 856 30 473 40 410
Tr0422 405 856 59 468 65 409
Ts0069 409 856 51 473 47 413
Ts0073 402 856 39 476 64 416
Ts0038 247 533 73 431 93 403
Tr0575 340 755 0 454 72 466
Ts0020 215 519 46 468 98 467
Tr0691 0 368 85 504 110 457
Tr0814 0 400 23 496 38 455
Tr0764 380 823 36 480 109 469
Tr0866 0 364 26 512 83 509
Tr1047 0 265 100 510 53 425
Tr0785 0 353 22 476 75 440
Tr0758 0 353 8 457 107 477
Tr0417 211 510 50 491 95 464
Tr0330 0 426 81 492 72 433
Ts0042 201 495 32 456 70 430
Ts0140 181 493 49 471 68 434
Tr1055 0 384 33 477 89 465
Ts0094 0 353 50 498 29 416
Tr0173 349 808 0 512 43 478
Tr0744 0 393 35 497 116 494
Tr0139 0 381 41 478 56 434
Tr0421 162 450 40 449 60 432
Tr0916 0 397 45 465 79 438
Tr0719 0 423 7 498 49 447
Tr0028 195 497 41 446 70 423
Tr0338 345 798 54 468 60 428
Tr0783 0 373 37 493 25 452
Tr0207 393 867 34 442 100 440
Ts0034 247 560 47 451 74 404
Ts0025 195 495 73 454 103 430
Tr0119 253 587 52 484 75 446
Tr0788 0 330 12 512 41 486
Tr0399 420 856 62 473 76 432
Ts0139 0 405 29 476 33 432
Tr1076 391 878 10 510 67 466
Tr0147 432 915 16 477 63 408
Tr0605 0 402 47 477 37 404
Ts0082 375 856 20 403 92 424
Tr0906 0 411 42 512 45 476
Tr1139 135 495 109 512 28 371
Tr0633 0 353 23 496 38 448
Ts0074 391 829 42 460 79 423
Tr0603 366 805 40 481 84 456
Tr0275 177 495 45 472 47 403
Ts0107 0 420 1 496 83 512
Tr0513 0 265 56 480 66 439
Tr0267 199 517 21 448 91 444
Tr0596 0 383 83 442 28 363
Ts0019 225 520 45 492 98 465
Tr0998 0 378 42 512 44 456
Tr0644 0 431 53 477 187 512
Tr0408 381 831 17 482 39 416
Tr1071 0 353 27 512 54 452
Tr0334 417 856 36 474 57 399
Ts0128 0 366 41 496 53 455
Tr0919 0 353 45 465 27 391
Tr0280 0 468 47 479 123 512
Tr0707 0 358 14 490 68 451
Tr1080 356 797 0 455 51 438
Tr0899 0 385 40 499 33 436
Tr0235 199 495 39 457 110 455
Tr1129 0 405 51 512 28 391
Tr0876 0 429 29 496 59 454
Tr0564 0 363 19 494 92 488
Tr0185 403 837 41 470 22 381
Tr0281 406 881 37 426 55 369
Tr0659 0 408 82 485 65 418
Tr0255 377 856 37 486 63 434
Tr0081 0 418 49 495 44 419
Tr0520 0 408 12 463 64 444
Tr1068 0 353 15 512 48 462
Tr0875 0 353 9 512 68 474
Tr0104 20 471 29 505 63 476
Tr0226 174 465 49 494 95 460
Tr0449 205 495 50 489 101 462
Tr0265 425 856 49 454 78 407
Tr0724 0 407 39 512 73 460
Tr1179 243 583 55 507 80 448
Tr1077 0 400 22 476 108 492
Tr0521 0 353 0 512 7 443
Ts0101 0 358 52 496 82 443
Tr1095 0 353 0 512 40 477
Tr0073 0 353 11 512 50 466
Tr0693 0 375 37 512 34 457
Tr0610 373 816 39 484 93 450
Tr0661 0 375 32 489 27 402
Tr0678 0 390 11 493 66 450
Tr0076 0 353 44 512 61 477
Tr0369 394 856 44 490 95 461
Tr1059 0 355 36 504 49 434
Ts0033 414 856 0 478 72 468
Tr0599 0 415 88 485 116 481
Tr0379 199 496 46 466 39 407
Tr0697 0 434 93 478 69 400
Tr0278 466 900 36 452 79 410
Ts0027 219 519 46 481 55 431
Tr0848 0 408 29 512 0 401
Tr0745 0 383 41 509 73 456
Tr0096 0 265 19 459 79 436
Tr0976 0 415 40 496 65 455
Tr0485 0 430 57 486 104 467
Tr0376 189 495 39 471 85 434
Tr0467 267 557 53 458 86 429
Tr0036 433 942 39 474 133 482
Ts0077 392 856 25 479 87 450
Tr0948 0 405 3 438 69 422
Tr0684 0 353 22 498 71 450
Tr0539 0 353 23 486 94 501
Tr1090 440 910 25 419 85 400
Tr0164 0 403 90 486 82 429
Tr0464 466 773 117 452 118 399
Tr0320 0 462 92 494 68 439
Tr0996 0 353 13 475 54 416
Tr0439 392 856 42 480 57 427
Ts0009 398 697 23 381 124 410
Tr1015 0 324 28 492 104 479
Tr1161 0 328 47 479 76 445
Tr0086 0 358 9 512 0 374
Tr0491 0 380 42 490 48 433
Tr0851 0 378 31 499 31 434
Tr1111 0 353 5 508 71 464
Tr0354 414 734 67 471 84 405
Tr0645 414 840 22 475 57 441
Tr0052 0 403 72 462 123 475
Tr0721 0 388 18 492 25 429
Ts0015 0 410 66 488 61 428
Tr1098 0 349 59 509 100 480
Tr0541 0 353 14 502 84 484
Ts0097 0 383 44 486 61 441
Ts0071 428 907 29 460 94 436
Tr0961 347 795 26 490 65 445
Tr0326 421 866 40 468 67 416
Tr0175 0 393 60 496 63 440
Tr0027 402 841 43 496 81 440
Tr0540 0 381 28 464 52 442
Tr1023 0 265 38 449 83 429
Tr0664 0 429 28 490 86 477
Tr0822 0 385 32 496 38 449
Tr0328 204 495 40 474 81 436
Tr0501 0 380 46 468 88 452
Tr0755 0 367 23 512 23 437
Tr0909 0 383 73 512 71 474
Tr0774 0 380 42 493 62 438
Ts0032 215 501 72 476 87 427
Ts0102 0 353 106 463 25 320
Tr0250 332 791 65 456 67 423
Tr0200 379 847 0 512 44 458
Tr0130 375 846 2 512 34 476
Tr0952 0 353 11 512 56 461
Tr0681 0 370 62 490 69 434
Tr0133 414 879 43 436 70 404
Tr0385 223 530 49 480 84 433
Tr0653 0 393 45 503 35 441
Tr0859 0 380 22 496 28 447
Ts0076 441 911 31 471 70 439
Tr0511 0 411 56 468 172 512
Tr0308 207 495 16 439 53 404
Tr0750 0 405 24 494 65 456
Tr0871 0 355 20 482 84 462
Tr0612 0 388 30 498 65 448
Tr0470 0 395 55 500 45 420
Tr0003 0 446 75 490 71 442
Tr0967 0 265 43 461 85 434
Tr0872 0 393 55 482 75 437
Tr0297 423 896 40 492 41 426
Tr0621 0 405 33 471 67 438
Tr0547 0 353 42 486 53 428
Ts0143 0 353 27 470 92 452
Ts0003 247 542 67 460 72 407
Tr0947 0 353 0 512 59 469
Tr0128 0 436 66 465 80 422
Ts0131 0 365 26 468 88 462
Tr0357 360 793 86 487 91 461
Tr0999 0 353 13 501 42 466
Tr0344 404 856 37 473 100 441
Tr0442 168 468 40 477 79 437
Ts0137 352 783 27 512 93 498
Tr0634 0 353 32 484 84 453
Tr0847 0 376 71 482 103 484
Tr0428 409 856 63 487 81 433
Tr1153 8 333 73 433 90 422
Tr1053 0 353 13 498 70 486
Tr0124 0 368 23 510 35 439
Tr0131 63 513 73 479 65 431
Tr0625 0 418 9 498 0 449
Tr0109 0 373 7 492 55 469
Tr0427 342 761 41 470 84 447
Tr1102 0 395 72 495 78 438
Ts0129 0 353 26 512 83 473
Tr0402 383 823 35 439 36 375
Tr0348 404 856 29 460 66 427
Tr0380 0 419 24 467 68 437
Tr0883 0 403 16 492 49 420
Tr0079 0 370 29 457 98 476
Tr0336 409 856 22 472 48 420
Tr0019 474 908 61 446 89 406
Tr1004 0 295 27 498 114 512
Tr0683 0 383 59 486 68 456
Tr0649 0 440 90 478 132 476
Tr0363 332 771 51 473 92 453
Tr0159 393 851 24 438 69 424
Tr0624 445 930 29 469 67 445
Ts0108 0 402 27 495 45 445
Tr0972 0 380 39 512 93 511
Tr0650 0 430 88 495 70 426
Tr0199 188 480 16 475 87 462
Tr0077 0 390 27 503 68 498
Ts0149 286 699 71 483 77 426
Tr0714 464 905 0 510 43 450
Tr0111 0 353 33 512 37 436
Tr1121 0 347 23 512 6 439
Tr0189 411 816 47 460 56 416
Tr0763 0 385 2 509 13 452
Tr0917 0 395 57 506 52 423
Tr0382 402 848 21 444 49 406
Tr0283 371 831 41 485 64 413
Tr0853 0 423 37 512 65 454
Tr0383 385 821 58 470 37 388
Tr0611 0 353 18 510 65 498
Tr0397 366 816 20 488 45 462
Tr1066 0 383 22 496 66 462
Tr0121 337 791 8 498 0 406
Tr0216 407 856 43 472 93 450
Tr0217 414 856 40 445 51 428
Tr1020 0 363 17 484 60 451
Tr0963 0 353 98 455 24 338
Tr0809 0 392 25 512 33 457
Tr0591 327 750 23 489 67 453
Tr0895 0 378 10 498 56 451
Tr0457 379 856 43 478 49 413
Tr0839 0 422 57 477 120 477
Tr0739 0 353 18 509 56 455
Tr0499 0 455 33 489 76 512
Ts0103 0 416 35 497 21 394
Tr0888 0 383 58 492 69 445
Tr0977 0 280 59 484 121 480
Tr1046 468 898 30 490 41 445
Tr1140 0 404 69 512 41 426
Ts0145 0 220 7 508 74 477
Tr0702 0 389 33 479 83 464
Ts0064 0 398 41 477 71 434
Tr0392 174 466 49 487 91 449
Tr0418 181 463 38 473 66 417
Tr0238 352 808 23 468 66 426
Ts0013 0 428 55 469 0 363
Tr0666 0 358 25 497 57 451
Tr0197 191 478 43 469 68 421
Tr1142 169 471 25 506 76 466
Tr0528 0 339 11 511 49 458
Tr0740 0 405 63 496 54 427
Tr1131 0 360 28 495 51 453
Tr0574 0 380 30 502 134 512
Tr0698 0 440 33 476 117 480
Tr1185 0 291 62 486 83 447
Tr0313 291 727 69 467 95 446
Tr0877 0 375 36 490 71 448
Ts0057 0 387 37 501 42 447
Tr1113 0 353 0 512 5 447
Tr0438 169 459 29 512 43 460
Tr0446 415 856 61 428 89 426
Tr0306 394 856 32 476 29 388
Tr0627 0 398 25 492 44 437
Tr0149 0 423 43 492 55 423
Tr1048 308 699 17 450 64 435
Tr0001 0 392 28 492 64 445
Tr0858 0 426 111 512 122 484
Tr0680 454 886 7 510 37 471
Ts0118 0 437 49 478 92 455
Tr1176 6 348 77 443 117 420
Tr0080 0 370 29 512 3 433
Tr1061 0 353 31 478 39 455
Tr0979 0 265 60 477 72 436
Tr0030 396 828 58 468 71 428
Tr1025 0 293 43 438 78 414
Tr0375 212 518 20 456 26 390
Tr0760 0 391 45 509 57 440
Tr0476 0 388 39 482 65 429
Tr0245 416 887 15 363 107 410
Tr0700 0 416 69 492 57 430
Tr0035 190 495 49 476 67 434
Tr1138 226 557 49 472 96 445
Ts0036 194 495 61 452 97 430
Tr0712 0 361 26 512 82 498
Tr1097 0 353 27 480 71 462
Tr1168 142 510 74 482 107 436
Tr0928 413 864 23 512 110 512
Tr0735 0 393 29 508 51 448
Tr0717 0 388 20 507 45 461
Tr0105 0 353 29 512 25 439
Ts0066 419 856 54 503 59 430
Tr0113 0 368 7 511 50 452
Tr0282 195 495 47 491 83 441
Tr1103 0 291 16 512 26 443
Tr0244 472 916 17 451 25 413
Ts0092 0 386 58 470 62 460
Tr0723 0 410 32 478 139 492
Tr1075 0 394 34 476 28 427
Tr0981 0 378 25 492 72 438
Tr0016 0 422 55 503 70 432
Tr0087 0 416 50 495 41 428
Tr1183 305 765 51 493 90 447
Tr0248 395 856 19 437 116 457
Tr0165 0 406 93 480 77 429
Tr1151 183 510 57 472 60 405
Tr0801 0 322 13 510 88 493
Ts0054 389 848 0 504 55 472
Tr0350 432 890 0 502 45 462
Tr0075 0 358 10 512 50 463
Tr0460 0 436 110 492 65 433
Ts0151 184 492 45 448 88 418
Tr0706 0 405 55 492 68 454
Tr0991 0 390 51 468 69 450
Tr0594 0 363 107 453 66 473
Tr1145 0 265 57 512 73 448
Tr0836 0 418 45 474 91 460
Tr0151 338 752 0 504 47 448
Tr0162 409 866 3 494 32 452
Tr0811 0 265 60 479 77 430
Tr0971 0 265 50 450 95 439
Tr0753 0 371 38 494 69 460
Tr0169 490 927 0 488 51 479
Tr0682 0 330 0 465 30 420
Ts0105 0 395 56 492 57 428
Tr1133 0 301 90 490 60 407
Tr0631 0 353 43 487 67 454
Tr1010 0 406 70 454 85 414
Tr0026 317 768 69 492 67 416
Tr0860 0 448 37 492 37 405
Tr0106 0 385 25 512 53 444
Tr0573 0 424 85 416 110 397
Ts0110 421 886 41 484 40 407
Tr0246 376 808 39 461 36 407
Tr0674 321 790 53 512 91 455
Tr1065 0 373 61 500 84 434
Tr0732 356 808 29 502 39 442
Tr0479 0 383 10 492 35 404
Tr0845 0 379 67 474 135 469
Tr0823 0 403 40 498 88 454
Tr1083 237 557 13 459 71 423
Tr1167 0 287 31 492 52 450
Tr0461 168 445 67 468 102 442
Tr0867 0 342 20 512 45 464
Tr0757 0 385 27 512 0 425
Tr0648 0 391 75 468 46 396
Tr0177 0 407 49 498 57 430
Tr0797 0 418 40 488 49 455
Tr0904 0 385 59 468 55 461
Tr0420 0 477 105 490 84 423
Tr0759 346 758 0 486 10 418
Tr1008 0 370 73 473 71 428
Tr0589 0 364 43 467 36 400
Tr0468 0 353 36 485 70 452
Tr0662 0 374 93 458 103 433
Tr0407 396 815 26 458 27 396
Tr0270 0 401 25 488 37 426
Tr0007 452 921 15 427 73 419
Tr0031 163 449 52 457 47 409
Ts0024 216 520 63 448 23 376
Ts0135 0 451 99 492 107 460
Tr0982 0 370 44 484 55 415
Ts0001 559 693 83 444 83 444
Tr0107 0 380 27 512 31 458
Tr0559 0 385 46 508 67 436
Ts0089 210 495 21 494 31 434
Tr0085 0 378 29 507 34 428
Tr0736 0 423 55 480 128 484
Tr0264 432 856 38 458 51 413
Tr0451 412 856 37 474 41 406
Tr0351 328 756 44 475 50 423
Tr0414 372 803 56 466 91 442
Tr0974 0 414 73 495 84 445
Tr0321 400 856 49 490 65 421
Tr0072 0 364 36 486 42 432
Ts0080 214 495 52 490 46 427
Tr0241 310 856 80 512 51 420
Tr1112 0 361 23 505 91 473
Tr0176 398 815 0 440 59 408
Tr1177 221 548 62 467 83 435
Tr0522 0 400 27 486 74 458
Tr0826 0 390 29 512 58 453
Tr0251 400 856 47 470 49 434
Tr0893 0 365 0 425 38 396
Tr0088 0 393 52 496 60 448
Tr0670 0 421 21 481 71 463
Tr0391 168 472 54 484 76 443
Tr1062 350 699 12 418 68 434
Ts0084 207 498 18 496 68 450
Tr0492 0 383 38 468 69 436
Tr0358 201 495 33 483 81 469
Tr0158 0 410 29 482 49 436
Tr0526 0 372 31 469 66 437
Ts0134 0 408 0 512 63 466
Tr0950 0 474 54 494 66 439
Ts0061 0 428 37 500 25 448
Tr0617 0 333 0 484 66 458
Tr1186 215 521 53 489 81 436
Tr0686 0 353 23 498 80 478
Tr0711 0 398 11 500 42 463
Tr0802 0 353 42 506 105 479
Tr0892 0 355 11 512 31 443
Tr0676 0 336 72 438 105 405
Tr0657 0 388 46 486 66 450
Tr0488 0 398 41 511 0 415
Tr0122 434 885 0 512 27 483
Tr0054 0 380 50 498 69 439
Ts0007 417 709 83 456 96 423
Tr0994 0 395 70 487 103 482
Tr1163 0 269 75 468 67 418
Tr1027 0 265 36 447 68 439
Tr0236 193 495 41 456 68 424
Tr1028 300 699 39 448 67 417
Tr0144 69 585 92 496 92 449
Tr0142 0 404 33 500 43 442
Tr1089 0 403 12 490 68 468
Tr0551 0 389 55 480 71 454
Tr1162 189 510 20 452 55 405
Tr0339 185 460 38 462 87 448
Ts0035 206 495 50 460 98 436
Tr0945 0 380 10 512 47 471
Ts0078 195 513 15 465 71 434
Tr0310 0 451 76 484 66 422
Tr0188 220 519 27 459 75 438
Tr0017 0 434 35 472 64 437
Tr1029 0 265 35 464 73 431
Tr0415 381 803 48 464 133 473
Tr0263 313 856 65 476 120 477
Tr0272 234 550 40 454 52 447
Tr1058 402 883 36 504 61 440
Tr0626 529 980 0 469 22 401
Tr0205 394 856 35 475 100 460
Tr0090 0 375 26 485 52 436
Tr1170 449 931 18 481 42 470
Tr0097 0 418 39 506 82 492
Tr0048 0 365 63 480 71 428
Tr0536 0 347 4 512 5 427
Tr0544 0 375 0 511 60 463
Ts0079 365 813 42 456 61 437
Tr1036 0 348 23 506 44 447
Tr1175 208 510 42 492 55 446
Tr0057 0 352 18 480 28 420
Tr0023 405 833 52 452 46 386
Tr0534 0 383 42 460 112 461
Tr0937 361 725 9 437 55 400
Tr0201 210 526 51 443 106 434
Tr0689 0 374 39 507 34 404
Ts0095 0 373 24 498 9 413
Tr0353 388 831 50 476 94 442
Tr0345 416 863 42 470 81 460
Tr0377 346 772 47 472 77 443
Tr0478 0 403 43 480 128 479
Tr0005 0 405 39 483 58 448
Tr1157 204 510 22 444 70 432
Tr0990 0 411 15 496 39 432
Tr0804 0 453 50 502 60 465
Tr0423 376 811 48 454 95 442
Tr1054 0 332 54 478 67 489
Tr0137 391 851 26 413 113 429
Tr0463 417 856 38 456 55 421
Tr0014 337 805 58 488 75 426
Tr0227 193 495 35 444 66 432
Tr0729 0 353 20 499 0 406
Tr0768 0 368 21 506 60 462
Tr0171 455 905 2 462 65 446
Tr0506 0 379 68 477 96 436
Tr1012 0 353 23 512 52 479
Tr0782 0 393 9 493 90 498
Ts0104 0 398 12 512 50 453
Tr0891 0 401 51 476 90 453
Tr0620 0 435 72 487 69 424
Tr0769 0 378 52 512 65 456
Tr0651 0 398 71 496 96 452
Tr0997 444 873 42 458 85 413
Tr1171 0 288 67 476 107 460
Tr0384 215 525 21 453 27 399
Tr1169 241 580 9 457 66 446
Tr0966 0 264 26 449 93 462
Tr0211 310 822 69 483 45 421
Tr1154 211 572 42 468 77 438
Tr0078 0 409 51 498 6 401
Tr0317 351 823 63 494 81 446
Tr0082 0 343 28 477 51 406
Tr1034 0 388 32 512 11 421
Tr0636 0 398 7 509 42 448
Tr0494 0 388 68 495 86 451
Tr1050 30 480 52 484 67 415
Tr0015 459 900 9 412 58 439
Tr0593 0 390 10 484 86 468
Tr0370 0 413 0 463 27 404
Tr0481 0 404 52 460 164 512
Tr0042 365 682 125 464 70 388
Tr0825 0 378 22 493 89 478
Tr1063 0 385 68 455 101 461
Tr0806 0 370 39 478 48 408
Tr0792 0 403 70 478 122 493
Tr0734 427 900 19 492 71 463
Tr0601 0 350 13 512 89 497
Tr0296 464 906 45 446 39 382
Tr0675 0 373 0 504 30 450
Tr0671 0 265 25 420 71 434
Ts0124 0 360 16 512 15 450
Tr0340 362 791 18 512 32 496
Tr0638 404 863 12 469 42 448
Tr0386 417 856 63 468 138 451
Tr1026 0 265 8 424 59 440
Tr0410 345 797 5 491 48 468
Tr1019 0 265 16 425 75 427
Tr0155 378 752 0 512 25 481
Tr0556 0 420 71 476 43 416
Tr0655 0 387 23 512 72 487
Tr0290 337 709 43 463 68 421
Tr1143 0 271 63 482 79 429
Tr0519 0 383 59 461 152 493
Tr1039 0 393 41 498 57 444
Tr0493 0 418 62 465 10 382
Tr0065 0 352 9 498 123 512
Tr0441 287 580 77 512 277 504
Tr0360 0 393 30 479 58 444
Tr1181 248 563 45 503 60 438
Tr0292 405 856 23 454 36 386
Tr0816 0 398 54 489 44 417
Tr0953 283 669 64 446 74 443
Tr0020 407 876 33 470 40 410
Ts0152 182 536 30 512 46 466
Tr0480 0 427 48 478 97 476
Tr0367 162 458 53 466 59 415
Tr1104 0 383 8 484 43 455
Tr0880 0 427 81 494 92 440
Ts0087 424 856 38 461 46 413
Tr0343 394 856 45 473 70 431
Tr0962 0 353 38 512 36 457
Tr1132 0 353 21 509 52 468
Tr0426 172 473 22 438 67 430
Tr0656 0 397 63 461 135 482
Tr0944 0 377 32 492 87 477
Tr0156 354 777 20 512 7 501
Tr0192 169 456 55 498 91 462
Tr0588 0 342 70 462 145 508
Tr0331 168 468 36 473 73 442
Tr1067 332 712 59 469 97 418
Tr1141 159 480 98 468 115 448
Tr0794 0 355 14 453 69 454
Tr0746 0 392 25 478 67 450
Ts0114 0 393 47 496 68 449
Tr0938 344 714 28 456 70 414
Tr0940 0 407 57 472 60 423
Tr0844 0 358 19 512 43 462
Tr0560 0 470 48 475 66 426
Tr0856 414 868 41 488 77 432
Ts0011 0 380 90 464 40 344
Tr1038 0 433 12 512 29 492
Tr1091 0 390 9 512 59 486
Ts0119 0 378 4 510 44 465
Tr1152 245 542 11 478 64 435
Tr0356 194 495 16 459 76 438
Tr0498 0 416 46 450 71 404
Tr0256 209 503 29 464 79 432
Tr0703 406 845 9 489 84 496
Tr0696 0 431 87 480 155 472
Tr0218 404 856 6 456 16 370
Tr1092 0 390 24 504 57 462
Tr0172 0 391 0 512 29 459
Tr1049 0 353 25 492 43 433
Tr0733 0 370 21 481 60 448
Tr0579 0 400 69 461 104 434
Tr0679 0 384 32 462 29 428
Tr0555 0 403 41 496 54 461
Ts0111 0 398 39 506 27 431
Tr0622 438 858 2 473 39 441
Tr0518 0 381 27 477 0 371
Tr0329 414 856 58 468 65 416
Tr0751 0 385 34 499 59 455
Ts0008 170 459 48 480 68 423
Tr0995 0 353 50 486 91 439
Tr0878 0 395 32 497 35 428
Tr0862 0 450 51 496 14 390
Tr0268 387 813 40 460 53 402
Ts0002 199 495 49 477 56 413
Tr0274 190 483 49 469 98 446
Tr0006 0 412 68 476 69 413
Tr0503 0 363 51 483 69 442
Tr0824 0 353 52 497 49 434
Tr0483 0 373 75 469 103 453
Tr0477 0 373 29 486 51 448
Tr1078 0 176 46 469 73 428
Tr1178 227 565 43 470 93 434
Tr0545 0 384 11 512 28 462
Ts0039 214 510 39 440 85 423
Tr0118 225 538 52 470 98 460
Tr1040 0 476 60 488 59 430
Tr0837 0 400 37 486 65 433
Tr0846 0 385 23 492 37 439
Tr1128 0 371 50 466 84 419
Tr0055 0 383 41 486 70 438
Tr0304 377 821 50 492 46 414
Ts0065 389 814 0 512 8 467
Tr0419 429 856 41 436 33 367
Ts0113 0 368 0 451 7 373
Tr0233 175 456 64 500 63 406
Tr0474 0 388 45 495 62 455
Tr0658 0 353 35 498 56 442
Ts0123 0 414 75 460 80 430
Tr1052 0 265 26 467 76 448
Tr0066 0 353 63 497 77 456
Tr0613 0 353 68 477 65 406
Tr0008 323 791 17 512 21 448
Tr0512 0 420 55 484 11 367
Tr0182 356 811 36 485 53 435
Tr0307 163 459 37 468 54 410
Tr1156 0 397 62 480 72 438
Tr1003 0 353 23 496 69 493
Tr1146 239 542 25 482 80 438
Tr0615 0 380 24 479 74 454
Ts0072 194 495 25 459 37 414
Tr0819 0 400 69 501 52 426
Tr0141 379 821 27 484 67 440
Tr0319 486 782 139 461 134 393
Tr0101 0 373 75 512 0 373
Tr0004 0 413 38 496 57 448
Tr0756 0 353 59 492 73 447
Tr0388 395 856 26 465 94 468
Tr1173 0 427 58 478 69 446
Tr0120 323 849 58 512 29 439
Tr0032 205 495 16 448 75 434
Tr1115 0 390 20 512 23 462
Tr0820 291 744 66 474 58 433
Tr0333 345 798 66 488 60 431
Tr0312 170 472 44 473 99 439
Tr0237 367 801 41 466 70 412
Tr0527 0 413 61 486 63 448
Tr0576 0 365 17 498 103 511
Tr0093 0 361 37 512 31 468
Tr1032 0 410 6 512 41 466
Tr0780 0 394 6 512 46 444
Tr0796 0 390 32 484 126 512
Tr0315 350 856 39 462 97 456
Tr0273 228 528 34 473 49 417
Tr0191 366 883 42 476 68 451
Tr1009 0 315 73 496 87 468
Tr0772 0 373 47 492 83 462
Tr0915 0 388 92 512 136 511
Tr0715 408 855 13 493 49 442
Tr1124 313 742 3 512 24 437
Tr1014 0 375 15 511 92 493
Tr0180 300 686 0 512 23 467
Tr0956 0 390 36 446 42 386
Tr1074 0 355 20 512 40 468
Ts0044 407 716 72 512 73 474
Tr0160 0 445 69 476 52 439
Tr0910 0 439 54 494 48 405
Tr0311 198 495 33 460 82 437
Tr0818 0 355 0 508 0 407
Tr1184 258 578 58 497 67 433
Tr0546 0 400 58 493 71 437
Tr0471 0 353 25 464 15 391
Tr0535 0 390 31 494 72 456
Tr0393 373 831 48 512 90 468
Tr1122 0 367 3 512 34 448
Tr1174 233 570 47 476 93 434
Tr0572 0 346 32 484 65 457
Tr1001 0 353 16 493 48 464
Tr0705 0 265 42 478 72 419
Tr0833 0 403 31 468 72 439
Tr0973 0 361 36 484 58 449
Tr0033 396 908 92 469 87 431
Tr0941 0 410 71 493 82 440
Tr0413 221 520 47 489 111 480
Tr0060 0 350 0 512 41 452
Tr0738 0 353 7 512 21 454
Tr0720 0 447 47 489 72 454
Tr0258 220 512 74 509 78 452
Tr1016 350 738 41 432 116 436
Tr1137 238 557 46 455 61 418
Tr0669 393 832 27 512 43 460
Tr1172 0 323 57 503 83 448
Tr0885 0 371 73 512 2 454
Tr0314 409 856 33 455 110 459
Ts0085 462 916 54 472 108 448
Tr0523 0 409 38 492 44 468
Tr0913 0 414 34 487 52 432
Tr0741 0 353 5 511 26 439
Ts0028 175 466 47 451 71 423
Tr0965 0 347 41 496 65 462
Tr0628 0 358 26 489 52 438
Tr0514 0 401 39 493 51 432
Ts0017 229 539 76 495 59 439
Tr0951 294 699 25 461 67 429
Tr0071 0 325 0 498 59 473
Tr0640 0 374 28 489 55 442
Tr0515 0 353 27 484 43 405
Tr1109 0 353 9 499 93 498
Tr0530 483 945 6 512 21 476
Ts0120 172 476 44 486 98 472
Tr0448 501 908 23 424 100 402
Tr0791 0 418 4 407 101 453
Ts0081 405 856 33 489 59 429
Tr1030 0 450 29 482 69 440
Tr0303 415 856 16 443 66 428
Tr1144 216 578 66 496 84 430
Tr0795 0 381 35 491 69 439
Tr0630 0 436 90 487 70 422
Tr0901 0 372 8 508 82 475
Tr0089 0 294 29 464 67 443
Tr0212 406 896 45 479 53 411
Tr1044 392 844 23 512 50 438
Tr0204 187 495 52 484 73 427
Tr0154 0 415 43 495 50 438
Tr0323 393 841 48 468 118 458
Tr0667 0 374 21 493 93 479
Tr0831 0 378 41 486 0 382
Tr0557 0 378 41 512 56 456
Tr0371 333 826 97 438 128 400
Tr0813 0 372 21 512 11 455
Tr0563 0 395 73 474 147 511
Ts0031 826 1310 76 412 130 407
Tr0206 180 475 20 489 26 434
Tr0327 225 518 25 470 91 451
Tr0602 0 378 61 496 48 414
Tr0852 0 378 27 478 85 456
Tr0398 357 811 56 488 94 455
Ts0117 0 385 16 512 23 443
Tr0411 422 856 69 488 50 404
Tr0752 0 376 43 498 71 448
Tr1135 207 579 38 448 108 442
Tr0767 0 353 25 512 42 437
Tr0261 427 856 61 494 82 445
Tr0067 0 410 82 492 41 416
Tr0435 342 801 48 474 55 394
Tr0607 0 383 46 476 108 476
Ts0091 0 370 32 484 50 454
Ts0147 0 353 9 496 31 470
Tr0507 0 393 49 485 8 396
Tr1107 0 370 19 512 9 428
Tr0903 0 415 31 478 99 468
Tr0762 0 378 37 512 33 452
Tr1070 447 919 43 452 94 414
Tr1119 0 322 9 512 9 420
Tr0569 0 359 33 487 0 394
Tr0381 209 521 28 468 24 398
Tr0024 414 856 57 486 102 463
Ts0116 0 391 54 477 99 448
Tr1096 0 353 27 512 37 464
Ts0052 316 699 22 422 87 424
Tr0894 0 448 29 512 1 447
Tr1110 0 366 42 501 57 433
Tr1069 0 353 69 469 102 448
Ts0096 0 353 32 512 114 512
Tr1031 0 388 7 512 25 423
Tr0632 0 405 28 496 31 480
Tr1130 0 393 31 494 38 441
Tr1056 0 265 51 461 82 416
Tr0132 0 423 0 512 30 478
Tr0727 0 253 43 512 40 456
Tr0293 184 475 43 471 72 424
Tr0056 0 353 12 497 60 461
Tr0849 0 388 24 493 66 454
Tr0022 411 866 23 467 100 454
Tr0773 0 435 69 486 74 447
Tr0203 334 801 26 462 54 406
Tr0219 181 476 25 461 59 407
Ts0099 0 353 13 511 53 479
Tr0044 404 834 55 474 47 408
Tr0059 0 379 97 489 8 364
Tr0083 0 380 12 512 67 495
Tr1150 0 412 52 492 73 435
Tr0595 0 375 60 447 7 333
Tr0663 0 390 24 496 47 443
Tr0126 460 914 44 484 64 441
Ts0018 166 495 24 478 74 431
Tr0701 396 828 5 488 50 444
Tr1120 0 479 95 489 47 410
Tr1085 0 222 23 493 60 460
Tr0898 0 382 51 478 52 428
Tr0074 0 353 29 498 77 492
Tr1118 0 401 6 512 29 448
Tr0029 130 418 26 487 94 465
Tr0116 227 568 0 385 89 445
Tr0987 0 353 7 512 0 418
Tr0766 0 371 53 477 86 484
Tr0150 324 765 16 511 19 473
Tr0725 0 353 28 476 114 493
Ts0136 0 433 37 478 97 478
Tr0790 320 699 64 476 86 449
Ts0047 410 856 41 469 40 416
Ts0026 199 495 32 448 61 420
Tr0502 0 353 101 482 55 382
Ts0059 351 847 96 474 77 424
Ts0098 0 395 59 512 23 418
Tr0988 0 291 53 498 82 462
Tr0450 0 395 43 490 50 428
Tr0592 0 383 44 489 102 477
Tr0288 367 856 69 498 65 427
Tr0854 369 775 10 474 64 445
Tr1106 0 353 34 498 47 450
Tr1116 0 366 9 512 67 493
Tr0742 0 415 0 466 51 461
Tr0365 188 496 74 502 79 442
Tr0495 0 353 32 498 30 423
Tr0900 0 419 33 511 35 422
Tr1136 0 265 7 438 72 424
Tr0643 0 353 22 501 52 454
Tr0771 0 388 41 468 84 431
Tr0432 372 856 57 478 102 470
Tr0600 0 442 49 492 53 433
Tr0183 198 495 37 484 124 494
Tr0812 0 395 34 504 62 450
Tr0964 0 302 15 476 67 436
Tr1021 0 265 51 451 69 427
Tr0484 0 353 30 493 69 452
Tr0843 363 773 2 441 79 444
Tr0012 437 908 22 421 78 409
Tr0115 212 510 48 492 76 444
Tr0817 0 438 45 484 52 419
Ts0093 0 265 49 466 53 439
Ts0086 198 501 36 474 77 436
Tr0709 0 410 53 482 110 512
Tr1180 0 375 33 474 70 438
Tr0532 0 418 114 485 153 508
Tr0349 434 868 38 465 85 433
Tr0043 177 477 5 475 65 461
Tr0834 0 410 31 511 49 466
Tr0879 0 388 42 496 56 451
Tr0553 0 353 27 509 2 404
Tr0099 0 293 19 496 18 438
Tr1159 286 615 70 471 72 412
Tr0548 0 390 21 509 53 457
Tr1087 0 373 29 506 41 449
Tr0828 0 400 27 495 97 511
Tr0166 0 360 35 464 65 437
Tr0352 184 482 21 464 75 439
Tr0051 0 367 4 512 48 478
Tr0668 0 388 69 477 119 462
Tr1182 11 353 89 460 108 431
Ts0016 0 297 36 507 77 472
Ts0056 0 417 21 491 54 446
Tr1093 0 363 25 496 57 468
Tr0542 0 385 31 510 38 434
Ts0043 212 495 52 486 57 415
Tr0262 449 895 33 484 56 430
Tr0660 0 439 107 488 69 416
Ts0040 353 674 0 420 68 412
Tr0301 427 856 53 476 70 432
Tr0221 417 856 51 458 102 450
Tr0040 438 891 33 477 66 430
Tr0993 0 400 66 452 140 478
Ts0060 387 856 46 459 67 416
Ts0022 202 495 43 473 92 448
Tr0322 397 856 36 469 69 426
Tr0754 0 381 19 512 35 445
Tr0387 429 856 37 459 111 462
Tr0045 206 495 46 468 84 438
Tr0770 0 441 83 495 61 419
Tr0598 385 835 23 497 67 448
Tr0978 0 353 40 512 54 462
Ts0138 0 375 13 501 54 456
Ts0045 183 483 23 477 65 438
Tr0808 0 353 14 512 55 479
Tr0616 0 383 24 512 23 464
Tr0395 201 495 70 508 12 396
Tr0129 381 839 27 484 22 431
Tr0230 364 766 5 461 43 407
Tr0889 0 363 27 512 29 441
Tr0400 0 467 45 501 37 432
Tr1117 0 382 5 512 25 433
Tr0799 0 353 13 492 89 469
Tr0390 436 846 23 465 82 430
Tr0456 401 824 3 455 71 460
Tr0269 412 856 27 426 77 433
Tr0905 0 382 52 497 98 478
Ts0014 0 405 74 488 84 432
Tr0466 281 651 4 411 90 440
Ts0115 0 415 32 487 71 445
Tr0914 0 403 41 510 29 439
Tr1018 0 265 27 452 83 432
Tr0224 403 901 28 439 67 396
Tr0434 193 495 29 485 93 476
Tr0838 349 805 7 483 57 434
Tr0692 424 895 10 512 31 485
Tr1057 0 383 9 512 59 450
Ts0023 192 495 69 455 133 475
Tr0566 0 351 5 492 0 439
Tr0454 316 778 77 492 55 416
Tr0694 439 873 39 512 0 433
Tr0187 358 798 41 446 116 482
Tr0486 0 353 72 479 124 451
Tr1084 66 298 43 468 77 411
Tr0882 305 828 56 500 93 469
Tr0582 0 365 39 466 45 444
Tr0152 463 903 27 492 55 452
Tr0781 0 363 0 512 52 480
Ts0029 185 471 39 471 74 416
Tr0084 0 390 41 512 47 478
Tr0778 0 408 29 511 53 462
Tr0927 0 385 51 478 67 427
Tr0010 385 843 0 490 37 457
Tr0855 0 418 62 473 53 436
Tr0195 410 858 36 456 70 424
Tr0163 0 397 54 505 0 366
Tr1134 367 771 32 465 78 434
Tr0749 391 840 23 512 48 444
Tr0604 0 416 52 482 53 418
Tr0939 0 320 6 512 20 468
Tr0747 0 353 36 512 60 461
Tr0886 0 403 51 476 79 438
Tr0039 194 483 36 492 43 434
Tr0452 195 495 30 468 19 413
Tr0266 362 809 24 467 97 447
Tr0765 0 355 68 477 105 454
Tr0214 139 424 0 460 41 427
Tr1035 421 849 16 512 18 430
Tr0372 161 470 20 454 77 440
Tr0654 435 895 38 483 71 417
Tr0496 0 383 26 512 7 453
Tr0677 0 378 6 438 84 453
Tr0102 0 265 51 479 99 438
Tr0190 391 778 37 482 82 437
Ts0141 0 413 52 496 156 512
Tr0942 0 353 6 506 55 464
Tr0789 404 843 4 472 88 455
Tr1006 0 405 66 512 123 506
Tr0508 0 390 14 512 42 464
Tr0529 0 353 35 496 68 464
Tr0430 0 389 33 486 56 433
Ts0063 0 386 7 476 39 443
Tr0279 202 482 43 457 50 410
Tr0708 0 427 110 487 94 437
Tr0298 387 856 39 461 64 419
Tr0433 414 856 47 472 73 448
Tr0685 0 410 13 512 54 457
Tr0355 217 513 49 476 98 447
Tr1148 150 480 56 492 90 439
Tr0170 451 920 42 512 68 450
Tr0094 0 370 51 492 129 478
Tr0614 392 813 5 480 72 459
Tr0013 0 406 41 501 40 422
Ts0004 497 972 7 459 87 435
Tr0869 0 353 24 512 9 432
Tr0629 0 353 4 507 7 432
Ts0005 419 740 130 467 98 380
Tr0049 0 400 92 493 137 488
Tr0316 227 540 14 455 55 416
Tr0807 0 368 9 512 41 453
Tr0213 227 529 74 487 101 448
Ts0088 441 911 46 478 51 426
Tr0597 0 415 50 490 46 436
Tr0584 0 400 76 497 44 406
Tr0946 0 370 50 500 57 436
Tr0482 0 400 25 483 43 462
Tr0868 0 418 108 496 117 468
Tr0920 418 877 22 512 36 455
Tr0440 439 887 46 486 83 434
Tr0737 0 353 33 476 59 450
Tr0517 0 406 22 486 102 486
Tr0174 394 854 21 444 84 436
Tr0153 398 816 45 453 67 430
Tr0829 0 357 12 496 48 446
Tr0021 399 856 40 491 82 449
Tr0975 0 415 76 511 35 421
Tr0730 441 911 61 497 111 462
Tr0403 401 866 35 486 41 406
Tr0960 355 850 94 474 79 423
Tr0300 0 422 44 487 83 432
Tr0416 364 856 44 454 53 422
Tr0254 357 823 36 444 33 374
Tr0252 405 856 48 474 103 452
Tr0587 0 337 68 481 151 501
Tr0722 0 353 7 512 73 492
Tr0810 0 417 59 512 45 433
Tr0228 444 856 63 444 84 393
Tr0835 0 265 44 463 65 433
Ts0010 0 388 55 501 40 420
Ts0068 402 911 43 480 19 402
Ts0100 168 461 41 469 45 396
Tr0562 0 353 8 478 72 448
Tr0453 413 715 103 486 95 425
Tr0002 321 817 21 490 32 438
Tr0968 0 388 33 491 94 482
Tr0533 0 403 57 493 29 417
Tr0302 205 492 52 481 89 448
Ts0122 0 383 9 512 37 469
Ts0121 0 353 3 512 23 450
Ts0144 0 353 22 511 53 464
Ts0112 0 384 60 476 131 478
Tr0929 0 353 46 512 33 446
Tr0286 383 677 122 409 125 391
Tr0538 0 353 28 512 53 462
Tr1166 240 557 5 447 87 450
Tr0429 213 495 16 439 91 449
Tr0062 0 335 7 451 58 438
Tr0857 0 398 14 493 25 455
Tr0285 433 910 25 470 45 434
Tr0178 468 920 10 512 21 473
Tr0284 244 554 12 440 105 481
Ts0048 431 883 31 490 48 428
Tr0103 293 673 47 481 84 428
Tr0110 0 356 29 507 50 452
Tr0260 0 439 59 476 65 437
Tr1125 0 356 20 512 0 426
Ts0106 0 393 47 495 51 448
Ts0041 388 685 58 512 20 434
Tr1060 0 429 65 457 92 419
Tr0537 0 374 18 512 6 445
Tr0992 0 288 33 465 55 433
Ts0125 0 393 79 477 76 463
Tr0061 0 391 7 512 6 450
Tr0287 207 495 45 488 52 422
Tr0018 375 828 28 486 66 443
Tr0374 332 806 77 512 69 425
Tr0299 394 881 54 468 21 406
Tr0134 403 863 84 512 50 417
Tr0505 0 353 35 508 36 429
Tr0473 0 359 37 462 193 512
Tr0025 369 856 28 455 49 420
Tr1094 0 405 26 512 42 435
Tr0140 0 444 54 464 62 419
Tr1007 0 365 31 494 62 473
Ts0062 0 416 50 476 51 420
Tr0912 0 378 26 492 123 511
Tr1164 227 562 47 512 83 452
Tr0222 114 410 27 468 47 436
Tr1005 0 473 55 492 110 444
Tr1160 0 411 47 476 29 407
Tr0472 0 353 16 512 0 400
Tr0271 419 856 26 458 125 470
Ts0150 345 643 182 494 123 417
Tr0884 0 368 26 501 46 438
Tr1041 0 398 0 512 57 512
Tr0861 0 329 22 512 0 372
Tr0902 448 905 10 487 53 446
Tr0181 496 973 5 490 45 453
Ts0090 210 529 40 459 53 400
Tr1105 0 353 17 495 66 478
Tr0618 0 353 13 512 105 512
Tr0580 0 415 40 492 67 447
Tr0243 196 495 47 466 73 424
Tr1158 0 308 70 496 74 438
Tr0583 0 393 36 497 77 478
Ts0046 353 798 30 457 118 462
Tr0924 0 394 45 480 77 453
Tr0378 419 900 31 499 55 426
Tr0443 320 741 87 454 70 457
Tr0234 355 643 110 442 137 415
Tr0931 0 365 17 464 67 432
Ts0021 215 517 56 463 75 412
Tr0980 337 803 25 512 48 456
Tr0726 406 865 23 472 115 483
Tr0277 184 495 55 501 95 453
Tr0609 0 353 46 498 33 477
Tr0406 397 833 25 482 48 406
Tr1073 0 375 31 495 57 436
Tr0412 244 530 49 512 45 444
Tr0231 421 883 42 457 71 428
Tr0145 523 1002 15 417 94 406
Tr0444 102 448 86 498 69 418
Tr0850 0 383 36 494 49 436
Tr0117 0 333 24 512 63 451
Tr0108 324 699 24 449 98 445
Tr0253 185 483 65 434 100 400
Tr0332 156 449 39 482 78 437
Tr0136 0 417 60 497 70 425
Tr0436 0 237 73 437 101 418
Ts0146 318 748 0 395 62 388
Tr0225 189 495 34 482 71 436
Tr0309 253 544 51 472 60 411
Tr1045 378 845 33 512 25 445
Tr0923 0 353 30 488 72 455
Tr0570 0 453 43 494 47 444
Tr0561 0 450 106 478 73 416
Tr0050 0 359 28 509 69 493
Tr0447 567 1031 11 465 41 403
Tr0046 200 495 40 492 86 452
Tr0194 303 824 55 474 25 390
Tr0776 0 388 46 497 65 437
Tr0361 362 668 176 512 117 406
Tr0198 445 910 56 477 66 432
Tr0247 409 893 46 466 72 412
Ts0109 0 243 42 512 7 435
Tr0554 404 863 0 450 32 430
Tr0489 0 368 24 497 0 402
Tr0276 372 856 42 470 65 423
Tr0157 477 929 23 448 82 436
Tr0672 0 250 24 511 87 512
Tr0798 347 760 0 470 80 468
Tr0586 371 613 0 501 27 445
Tr0832 0 430 45 485 56 453
Tr0500 396 851 19 512 38 474
Tr1127 0 435 36 496 48 435
Ts0030 198 508 72 453 89 405
Tr0870 0 435 91 501 58 405
Tr0922 276 666 25 468 108 453
Tr1017 316 699 30 452 29 375
Ts0006 0 407 34 484 63 422
Tr0710 352 816 59 512 7 465
Tr0687 0 355 30 467 74 451
Tr0487 0 370 62 476 117 484
