XJTs0000 1.50616455078125 15.902063131332397 1.5388762950897217
XJTs0003 2.1994948387145996 24.22708249092102 3.2592592239379883
XJTs0010 2.344888210296631 23.631680011749268 2.703747510910034
XJTs0028 1.7402842044830322 19.145710706710815 1.9308230876922607
XJTs0033 1.9118621349334717 20.66862416267395 2.4594082832336426
XJTs0001 1.381716012954712 14.48819875717163 1.5707874298095703
XJTs0004 2.4304351806640625 27.76360058784485 5.1272382736206055
XJTs0015 2.2970731258392334 25.05087399482727 2.9151291847229004
XJTs0030 1.7524302005767822 19.189605474472046 2.7456214427948
XJTs0034 2.2908551692962646 23.654619932174683 2.838386297225952
XJTs0002 1.4334263801574707 14.664738655090332 1.6186370849609375
XJTs0005 2.558089256286621 28.2662570476532 4.236630916595459
XJTs0023 1.72855806350708 19.037004232406616 2.1631884574890137
XJTs0032 1.8037183284759521 18.37174701690674 3.506586790084839
XJTs0035 2.00077223777771 20.91097402572632 2.2070846557617188
XJTs0037 2.390223264694214 26.027202606201172 3.0598368644714355
XJTs0039 2.150639533996582 25.255327463150024 3.135591506958008
XJTs0041 2.5143845081329346 26.68050241470337 4.546794414520264
XJTs0046 2.2432353496551514 23.916887044906616 3.2373178005218506
XJTs0053 2.3680429458618164 28.316063404083252 2.7047464847564697
XJTs0065 2.428755283355713 26.61368203163147 4.3483359813690186
