XJTs0037 305 750 55 486 103 454
XJTs0028 211 510 50 491 95 464
XJTs0046 396 828 58 468 71 428
XJTs0005 0 387 37 501 42 447
XJTs0035 324 699 24 449 98 445
XJTs0032 207 579 38 448 108 442
XJTs0034 293 699 24 453 85 446
XJTs0033 283 669 64 446 74 443
XJTs0065 477 929 23 448 82 436
XJTs0001 0 265 60 479 77 430
XJTs0053 404 856 37 473 100 441
XJTs0000 0 265 51 451 69 427
XJTs0015 0 435 72 487 69 424
XJTs0004 0 368 23 510 35 439
XJTs0010 0 411 47 476 29 407
XJTs0030 221 520 47 489 111 480
XJTs0023 195 495 47 491 83 441
XJTs0039 391 778 37 482 82 437
XJTs0041 345 798 66 488 60 431
XJTs0002 0 265 31 448 41 409
XJTs0003 0 366 42 501 57 433
