XJTs0000 1.8798425197601318 27.503145217895508 2.892019271850586
XJTs0003 1.9486103057861328 33.93002247810364 7.547592878341675
XJTs0010 2.1540403366088867 38.56529498100281 8.282287120819092
XJTs0028 2.6935665607452393 48.1250319480896 12.477857828140259
XJTs0033 3.3528048992156982 63.26356506347656 12.46687388420105
XJTs0001 1.6523985862731934 24.256486415863037 3.6899349689483643
XJTs0004 1.9506478309631348 33.887120485305786 4.005967140197754
XJTs0015 2.2707748413085938 42.48653316497803 10.041468143463135
XJTs0030 2.7723569869995117 48.58681511878967 11.165329694747925
XJTs0034 3.559235095977783 67.14491534233093 14.155242681503296
XJTs0002 1.6125266551971436 24.341305017471313 3.2361161708831787
XJTs0005 2.0653340816497803 37.745543479919434 6.564945936203003
XJTs0023 2.651728391647339 47.66898989677429 8.990870475769043
XJTs0032 3.4806087017059326 56.93523597717285 18.28791093826294
XJTs0035 3.5504672527313232 67.01717185974121 15.128392219543457
XJTs0037 3.9773244857788086 72.16829681396484 19.056934118270874
XJTs0039 3.930448293685913 76.43588042259216 17.36639666557312
XJTs0041 4.247635841369629 76.62833523750305 12.687175750732422
XJTs0046 4.4091637134552 80.7253737449646 18.49964666366577
XJTs0053 4.5956645011901855 82.34597659111023 20.349380493164062
XJTs0065 4.989607810974121 91.04762053489685 43.91213631629944
